90 90 90 90 90 90 90 90 90 90
90 90 90 90 90 90 90 90 90 90
90 90 90 90 90 90 90 90 90 90
90 90 90 90 90 90 90 90 90 90
90 90 90 90 90 90 90 90 90 90
90 90 90 90 90 90 90 90 90 90
90 90 90 90 90 90 90 90 90 90
90 90 90 90 90 90 90 90 90 90
90 90 90 90 90 90 90 90 90 90
90 90 90 90 90 90 90 90 90 90
90 90 90 90 90 90 90 90 90 90
90 90 90 90 90 90 90 90 90 90
90 90 90 90 90 90 90 90 90 90
90 90 90 90 90 90 90 90 90 90
90 90 90 90 90 90 90 90 90 90
90 90 90 90 90 90 90 90 90 90
90 90 90 90 90 90 90 90 90 90
90 90 90 90 90 90 90 90 90 90
90 90 90 90 90 90 90 90 90 90
90 90 90 90 90 90 90 90 90 90
90 90 90 90 90 90 90 90 90 90
90 90 90 90 90 90 90 90 90 90
90 90 90 90 90 90 90 90 90 90
90 90 90 90 90 90 90 90 90 90
90 90 90 90 90 90 90 90 90 90
90 90 90 90 90 90 90 90 90 90
90 90 90 90 90 90 90 90 90 90
90 90 90 90 90 90 90 90 90 90
90 90 90 90 90 90 90 90 90 90
90 90 90 90 90 90 90 90 90 90
90 90 90 90 90 90 90 90 90 90
90 90 90 90 90 90 90 90 90 90
90 90 90 90 90 90 90 90 90 90
90 90 90 90 90 90 90 90 90 90
90 90 90 90 90 90 90 90 90 90
90 90 90 90 90 90 90 90 90 90
90 90 90 90 90 90 90 90 90 90
90 90 90 90 90 90 90 90 90 90
90 90 90 90 90 90 90 90 90 90
90 90 90 90 90 90 90 90 90 90
90 90 90 90 90 90 90 90 90 90
90 90 90 90 90 90 90 90 90 90
90 90 90 90 90 90 90 90 90 90
90 90 90 90 90 90 90 90 90 90
90 90 90 90 90 90 90 90 90 90
90 90 90 90 90 90 90 90 90 90
90 90 90 90 90 90 90 90 90 90
90 90 90 90 90 90 90 90 90 90
90 90 90 90 90 90 90 90 90 90
90 90 90 90 90 90 90 90 90 90
90 90 90 90 90 90 90 90 90 90
90 90 90 90 90 90 90 90 90 90
90 90 90 90 90 90 90 90 90 90
90 90 90 90 90 90 90 90 90 90
90 90 90 90 90 90 90 90 90 90
90 90 90 90 90 90 90 90 90 90
90 90 90 90 90 90 90 90 90 90
90 90 90 90 90 90 90 90 90 90
90 90

48 c7 c0 e3 87 04 48 
48 8d 6c 24 10
68 52 15 40 00 
c3
58 74 67 55 00 00 00 00
